[gd_scene format=3 uid="uid://du4xms5jmpcru"]

[ext_resource type="Script" uid="uid://cw40pockgu4q0" path="res://scenes/UI/player_kor_dummy.gd" id="1_o3jtc"]
[ext_resource type="PackedScene" uid="uid://baoepsupldxk8" path="res://scenes/Player/Model/player_visuals_KOR.tscn" id="1_rboxt"]
[ext_resource type="AnimationLibrary" uid="uid://cdcr04y82btgt" path="res://assets/Animations/kor_anim/Kor_Animation_Library.res" id="2_o3jtc"]
[ext_resource type="Texture2D" uid="uid://cx7pdcvb25km3" path="res://assets/Kor/Kor_Textures/T_Kor_BaseColour.png" id="3_rksrd"]
[ext_resource type="Texture2D" uid="uid://b7lfyrol47g8c" path="res://assets/Kor/Kor_Textures/T_Kor_Emissive.png" id="4_j6yfk"]

[sub_resource type="Shader" id="Shader_3jxtc"]
code = "// NOTE: Shader automatically converted from Godot Engine 4.6.stable's StandardMaterial3D.

shader_type spatial;
render_mode blend_mix, depth_draw_opaque, cull_back, diffuse_burley, specular_schlick_ggx;

uniform vec4 albedo : source_color;
uniform sampler2D texture_albedo : source_color, filter_nearest_mipmap, repeat_enable;
uniform ivec2 albedo_texture_size;
uniform float point_size : hint_range(0.1, 128.0, 0.1);

uniform float roughness : hint_range(0.0, 1.0);
uniform sampler2D texture_metallic : hint_default_white, filter_nearest_mipmap, repeat_enable;
uniform vec4 metallic_texture_channel;
uniform sampler2D texture_roughness : hint_roughness_r, filter_nearest_mipmap, repeat_enable;

uniform float specular : hint_range(0.0, 1.0, 0.01);
uniform float metallic : hint_range(0.0, 1.0, 0.01);

uniform sampler2D texture_emission : source_color, hint_default_black, filter_nearest_mipmap, repeat_enable;
uniform vec4 emission : source_color;
uniform float emission_energy : hint_range(0.0, 100.0, 0.01);

uniform vec3 uv1_scale;
uniform vec3 uv1_offset;
uniform vec3 uv2_scale;
uniform vec3 uv2_offset;

uniform vec3 flash_colour : source_color = vec3(1.0,1.0,1.0);
uniform float flash_modifier : hint_range(0.0, 1.0) = 0.0;


void vertex() {
	UV = UV * uv1_scale.xy + uv1_offset.xy;
}

void fragment() {
	vec2 base_uv = UV;

	vec4 albedo_tex = texture(texture_albedo, base_uv);

	// Vertex Color Use as Albedo: Enabled
	albedo_tex *= COLOR;

	ALBEDO = mix((albedo.rgb * albedo_tex.rgb),flash_colour,flash_modifier);

	float metallic_tex = dot(texture(texture_metallic, base_uv), metallic_texture_channel);
	METALLIC = metallic_tex * metallic;
	SPECULAR = specular;

	vec4 roughness_texture_channel = vec4(1.0, 0.0, 0.0, 0.0);
	float roughness_tex = dot(texture(texture_roughness, base_uv), roughness_texture_channel);
	ROUGHNESS = roughness_tex * roughness;

	// Emission: Enabled
	vec3 emission_tex = texture(texture_emission, base_uv).rgb;
	// Emission Operator: Add
	EMISSION = (emission.rgb + emission_tex) * emission_energy;
}
"

[sub_resource type="ShaderMaterial" id="ShaderMaterial_sejjp"]
resource_local_to_scene = true
render_priority = 0
shader = SubResource("Shader_3jxtc")
shader_parameter/albedo = Color(1, 1, 1, 1)
shader_parameter/texture_albedo = ExtResource("3_rksrd")
shader_parameter/albedo_texture_size = Vector2i(256, 256)
shader_parameter/point_size = 1.0
shader_parameter/roughness = 1.0
shader_parameter/metallic_texture_channel = Vector4(1, 0, 0, 0)
shader_parameter/specular = 0.5
shader_parameter/metallic = 0.0
shader_parameter/texture_emission = ExtResource("4_j6yfk")
shader_parameter/emission = Color(0, 0, 0, 1)
shader_parameter/emission_energy = 1.999999955296
shader_parameter/uv1_scale = Vector3(1, 1, 1)
shader_parameter/uv1_offset = Vector3(0, 0, 0)
shader_parameter/uv2_scale = Vector3(1, 1, 1)
shader_parameter/uv2_offset = Vector3(0, 0, 0)
shader_parameter/flash_colour = Color(1, 1, 1, 1)
shader_parameter/flash_modifier = 0.0

[sub_resource type="Animation" id="Animation_rboxt"]
length = 0.001
tracks/0/type = "value"
tracks/0/imported = false
tracks/0/enabled = true
tracks/0/path = NodePath(".:position")
tracks/0/interp = 1
tracks/0/loop_wrap = true
tracks/0/keys = {
"times": PackedFloat32Array(0),
"transitions": PackedFloat32Array(1),
"update": 0,
"values": [Vector3(0, 0, 0)]
}

[sub_resource type="Animation" id="Animation_o3jtc"]
resource_name = "move_fwd"
length = 20.0
tracks/0/type = "value"
tracks/0/imported = false
tracks/0/enabled = true
tracks/0/path = NodePath(".:position")
tracks/0/interp = 1
tracks/0/loop_wrap = true
tracks/0/keys = {
"times": PackedFloat32Array(0, 20),
"transitions": PackedFloat32Array(1, 1),
"update": 0,
"values": [Vector3(0, 0, 0), Vector3(0, 0, -10)]
}

[sub_resource type="AnimationLibrary" id="AnimationLibrary_fog30"]
_data = {
&"RESET": SubResource("Animation_rboxt"),
&"move_fwd": SubResource("Animation_o3jtc")
}

[node name="DummyKor" type="CharacterBody3D" unique_id=1159028594]
transform = Transform3D(-1, 0, -8.742278e-08, 0, 1, 0, 8.742278e-08, 0, -1, 0, 0, 0)
collision_mask = 6
script = ExtResource("1_o3jtc")

[node name="Visuals" parent="." unique_id=2638631 instance=ExtResource("1_rboxt")]
script = null

[node name="Skinned Mesh 0" parent="Visuals" index="0" unique_id=1928124167]
skeleton = NodePath("../../GeneralSkeleton")
surface_material_override/0 = SubResource("ShaderMaterial_sejjp")

[node name="GeneralSkeleton" type="Skeleton3D" parent="." unique_id=2093470665]
unique_name_in_owner = true
transform = Transform3D(-1, 0, 8.742278e-08, 0, 1, 0, -8.742278e-08, 0, -1, 0, 0, 0)
bones/0/name = "DEF-spine"
bones/0/parent = -1
bones/0/rest = Transform3D(1, 1.7763568e-15, -2.3841858e-07, -5.2792345e-08, 0.97517693, -0.2214272, 2.3250027e-07, 0.22142717, 0.97517705, 1.4967572e-15, 1.016771, -0.020157695)
bones/0/enabled = true
bones/0/position = Vector3(-0.05957485, 1.0066652, 0.006417183)
bones/0/rotation = Quaternion(0.11300162, -0.03714288, -0.01970483, 0.9927048)
bones/0/scale = Vector3(1, 1, 1.0000001)
bones/1/name = "DEF-spine.001"
bones/1/parent = 0
bones/1/rest = Transform3D(1, -2.5941233e-08, 4.754216e-07, -2.5941219e-08, 0.9940631, 0.108805396, -4.7542161e-07, -0.1088054, 0.994063, 3.827929e-15, 0.14058319, -7.450581e-09)
bones/1/enabled = true
bones/1/position = Vector3(3.827929e-15, 0.14058319, -7.450581e-09)
bones/1/rotation = Quaternion(-0.05522156, 0.00050774735, 0.00930115, 0.9984307)
bones/1/scale = Vector3(1, 1, 0.99999994)
bones/2/name = "DEF-spine.002"
bones/2/parent = 1
bones/2/rest = Transform3D(1, 1.0645318e-07, -2.2638378e-07, -5.322663e-08, 0.9747615, 0.22324856, 2.444357e-07, -0.22324854, 0.97476155, 2.804736e-15, 0.14133112, 0)
bones/2/enabled = true
bones/2/position = Vector3(2.804736e-15, 0.14133112, 0)
bones/2/rotation = Quaternion(-0.10940331, 0.03480462, 0.02651868, 0.9930339)
bones/2/scale = Vector3(1, 0.99999994, 1)
bones/3/name = "DEF-spine.003"
bones/3/parent = 2
bones/3/rest = Transform3D(1, -5.2785502e-08, -2.4752728e-07, 6.7119174e-08, 0.9983008, 0.05826976, 2.4403093e-07, -0.058269765, 0.99830073, 6.844243e-15, 0.18008995, -2.3283064e-09)
bones/3/enabled = true
bones/3/position = Vector3(6.844243e-15, 0.18008995, -2.3283064e-09)
bones/3/rotation = Quaternion(-0.026247527, 0.0068628523, 0.011253881, 0.99956864)
bones/3/scale = Vector3(1, 0.9999999, 0.9999998)
bones/4/name = "DEF-spine.004"
bones/4/parent = 3
bones/4/rest = Transform3D(1, 1.03016106e-07, -2.3404372e-08, -1.03016106e-07, 0.9018347, -0.4320809, -2.3404422e-08, 0.43208086, 0.9018348, 3.5527137e-15, 0.19180319, 2.607703e-08)
bones/4/enabled = true
bones/4/position = Vector3(3.5527137e-15, 0.19180319, 2.607703e-08)
bones/4/rotation = Quaternion(0.22154571, 1.121148e-08, -6.985225e-08, 0.97515)
bones/4/scale = Vector3(1, 0.9999998, 0.99999976)
bones/5/name = "DEF-spine.005"
bones/5/parent = 4
bones/5/rest = Transform3D(1, -7.3885275e-08, 2.3199807e-07, 2.4347381e-08, 0.97841454, 0.20665266, -2.4225884e-07, -0.2066527, 0.97841436, -8.881784e-16, 0.05894705, -3.7252925e-09)
bones/5/enabled = true
bones/5/position = Vector3(-8.881784e-16, 0.05894705, -3.7252925e-09)
bones/5/rotation = Quaternion(-0.10388872, -0.0036373164, 0.00037990065, 0.9945823)
bones/5/scale = Vector3(0.99999857, 1.0000026, 0.9999986)
bones/6/name = "DEF-spine.006"
bones/6/parent = 5
bones/6/rest = Transform3D(1, 2.4467594e-08, 2.9792813e-09, -2.4615362e-08, 0.997589, 0.06939821, -1.274091e-09, -0.06939821, 0.997589, -1.3340024e-15, 0.05968263, -2.7939677e-09)
bones/6/enabled = true
bones/6/position = Vector3(-1.3340024e-15, 0.05968263, -2.7939677e-09)
bones/6/rotation = Quaternion(0.035329185, -0.004750464, -0.023097124, 0.99909747)
bones/6/scale = Vector3(1.0000014, 0.99999726, 1.0000013)
bones/7/name = "DEF-pelvis.L"
bones/7/parent = -1
bones/7/rest = Transform3D(-0.33608767, 0.5921582, -0.732389, -0.16911963, 0.7270398, 0.66544086, 0.92652214, 0.3475079, -0.14420354, 4.236759e-08, 1.016771, -0.020157725)
bones/7/enabled = true
bones/7/position = Vector3(-0.05957484, 1.0066652, 0.006417183)
bones/7/rotation = Quaternion(-0.14707775, -0.7576205, -0.36004645, 0.5241622)
bones/7/scale = Vector3(0.9999998, 0.99999994, 0.9999999)
bones/8/name = "DEF-pelvis.R"
bones/8/parent = -1
bones/8/rest = Transform3D(-0.3360877, -0.5921582, 0.732389, 0.16911963, 0.7270398, 0.6654409, -0.92652225, 0.3475079, -0.14420356, 3.6041827e-09, 1.016771, -0.020157736)
bones/8/enabled = true
bones/8/position = Vector3(-0.059574854, 1.0066652, 0.0064171776)
bones/8/rotation = Quaternion(-0.13550594, 0.725611, 0.32367602, 0.59191275)
bones/8/scale = Vector3(0.99999994, 0.99999994, 0.99999994)
bones/9/name = "DEF-thigh.L"
bones/9/parent = -1
bones/9/rest = Transform3D(0.9891914, 0.10607275, -0.101240985, 0.09598353, -0.9903659, -0.099810705, -0.11085263, 0.08901418, -0.9898448, 0.11652211, 1.062959, 0.0019185217)
bones/9/enabled = true
bones/9/position = Vector3(0.057183612, 1.047225, 0.03674716)
bones/9/rotation = Quaternion(0.9911666, 0.03581631, -0.017919393, 0.12643218)
bones/9/scale = Vector3(1.0072677, 0.9856218, 1.0072676)
bones/10/name = "DEF-thigh.L.001"
bones/10/parent = 9
bones/10/rest = Transform3D(0.9999968, -2.6632284e-08, -0.002548197, 2.645311e-08, 0.99999994, -7.034868e-08, 0.002548197, 7.028104e-08, 0.9999968, 3.958121e-09, 0.23973161, 1.0244548e-08)
bones/10/enabled = true
bones/10/position = Vector3(3.958121e-09, 0.23973161, 1.0244548e-08)
bones/10/rotation = Quaternion(2.3719263e-08, 0.001343833, -4.6379757e-08, 0.9999991)
bones/10/scale = Vector3(1, 0.99999994, 1)
bones/11/name = "DEF-shin.L"
bones/11/parent = 10
bones/11/rest = Transform3D(0.9999967, -0.0006452934, -0.0024850587, 1.5241676e-07, 0.9679152, -0.25127655, 0.0025674738, 0.2512757, 0.967912, 5.122274e-09, 0.23973174, 1.8626451e-09)
bones/11/enabled = true
bones/11/position = Vector3(5.122274e-09, 0.23973174, 1.8626451e-09)
bones/11/rotation = Quaternion(0.49091128, 0.0013533356, -0.0007714572, 0.8712082)
bones/11/scale = Vector3(1.0007344, 0.9828743, 1.0168658)
bones/12/name = "DEF-shin.L.001"
bones/12/parent = 11
bones/12/rest = Transform3D(0.9999952, -3.8407887e-08, 0.0031087997, 3.7960564e-08, 1, 1.439487e-07, -0.0031087992, -1.4382998e-07, 0.9999953, -1.1641532e-09, 0.21843585, 1.8626451e-09)
bones/12/enabled = true
bones/12/position = Vector3(-1.1641532e-09, 0.21843585, 1.8626451e-09)
bones/12/rotation = Quaternion(-8.7928456e-08, -0.032876648, 1.4185213e-08, 0.9994595)
bones/12/scale = Vector3(1, 1, 1.0000001)
bones/13/name = "DEF-foot.L"
bones/13/parent = 12
bones/13/rest = Transform3D(0.9890746, -0.14741561, 0.00022793113, 0.07590072, 0.51057476, 0.8564768, -0.12637442, -0.84710217, 0.5161855, -1.3969839e-08, 0.21843591, 1.8626451e-09)
bones/13/enabled = true
bones/13/position = Vector3(-1.3969839e-08, 0.21843591, 1.8626451e-09)
bones/13/rotation = Quaternion(-0.25951242, 0.0041372185, 0.008061989, 0.96569735)
bones/13/scale = Vector3(0.99208134, 1.010037, 0.99818057)
bones/14/name = "DEF-toe.L"
bones/14/parent = 13
bones/14/rest = Transform3D(-1, -9.08932e-05, 6.605069e-05, -0.00011231939, 0.82405245, -0.5665133, -2.9370276e-06, -0.5665132, -0.8240527, -1.5535306e-08, 0.17699446, -1.080241e-08)
bones/14/enabled = true
bones/14/position = Vector3(-1.5535306e-08, 0.17699446, -1.080241e-08)
bones/14/rotation = Quaternion(0.0033910193, 0.8379121, -0.5457946, 0.00040786364)
bones/14/scale = Vector3(0.99965996, 1.0001836, 1.0001804)
bones/15/name = "DEF-thigh.R"
bones/15/parent = -1
bones/15/rest = Transform3D(0.9892375, -0.10511116, 0.10179204, -0.09554956, -0.99091417, -0.09465438, 0.110816106, 0.08390919, -0.9902954, -0.11652209, 1.062959, 0.0019185059)
bones/15/enabled = true
bones/15/position = Vector3(-0.17503247, 1.0582983, 0.020600105)
bones/15/rotation = Quaternion(0.9940022, 0.031602014, 0.080900095, 0.06645364)
bones/15/scale = Vector3(1.0013434, 0.9973194, 1.0013434)
bones/16/name = "DEF-thigh.R.001"
bones/16/parent = 15
bones/16/rest = Transform3D(0.9999997, 2.7023772e-08, 0.00078818586, -2.6992941e-08, 1, -3.9126192e-08, -0.00078818575, 3.91049e-08, 0.9999998, -8.1490725e-09, 0.23958851, 7.450581e-09)
bones/16/enabled = true
bones/16/position = Vector3(-8.1490725e-09, 0.23958851, 7.450581e-09)
bones/16/rotation = Quaternion(-2.9266577e-08, 0.005754745, -3.215465e-08, 0.9999835)
bones/16/scale = Vector3(1, 1, 1.0000001)
bones/17/name = "DEF-shin.R"
bones/17/parent = 16
bones/17/rest = Transform3D(0.9999997, 0.00019105322, 0.0007693651, -2.525485e-07, 0.97060037, -0.24069679, -0.00079273205, 0.24069674, 0.97059995, -2.0489097e-08, 0.23958853, -1.8626451e-09)
bones/17/enabled = true
bones/17/position = Vector3(-2.0489097e-08, 0.23958853, -1.8626451e-09)
bones/17/rotation = Quaternion(0.14313132, 0.0067087994, -0.0009670087, 0.9896806)
bones/17/scale = Vector3(1.0001577, 0.99926883, 1.0005776)
bones/18/name = "DEF-shin.R.001"
bones/18/parent = 17
bones/18/rest = Transform3D(0.99999934, 1.8404842e-09, -0.0011197632, -1.8848056e-09, 1, -3.958017e-08, 0.0011197632, 3.9582257e-08, 0.9999992, 9.895302e-10, 0.21828224, -2.7939677e-09)
bones/18/enabled = true
bones/18/position = Vector3(9.895302e-10, 0.21828224, -2.7939677e-09)
bones/18/rotation = Quaternion(2.9618312e-09, -0.020193635, 2.3255586e-09, 0.99979615)
bones/18/scale = Vector3(0.99999994, 1, 0.9999998)
bones/19/name = "DEF-foot.R"
bones/19/parent = 18
bones/19/rest = Transform3D(0.9892292, 0.14637162, 0.0009944518, -0.07709262, 0.51521885, 0.85358423, 0.12442817, -0.8444672, 0.52095366, 1.816079e-08, 0.21828221, 0)
bones/19/enabled = true
bones/19/position = Vector3(1.816079e-08, 0.21828221, 0)
bones/19/rotation = Quaternion(-0.48995194, -0.055134967, 0.024066338, 0.8696712)
bones/19/scale = Vector3(0.9988807, 0.9990676, 1.0020641)
bones/20/name = "DEF-toe.R"
bones/20/parent = 19
bones/20/rest = Transform3D(-1, 7.824551e-05, -5.758701e-05, 9.710181e-05, 0.82412684, -0.5664053, 3.1403288e-06, -0.5664053, -0.82412684, -1.3064891e-09, 0.17697628, -9.999098e-09)
bones/20/enabled = true
bones/20/position = Vector3(-1.3064891e-09, 0.17697628, -9.999098e-09)
bones/20/rotation = Quaternion(4.068274e-05, 0.95523894, -0.2958356, -1.41019955e-05)
bones/20/scale = Vector3(0.99971706, 0.99989974, 1.0004071)
bones/21/name = "DEF-shoulder.L"
bones/21/parent = -1
bones/21/rest = Transform3D(0.284086, 0.94657654, -0.15260383, -0.13085929, 0.19595067, 0.971843, 0.94982684, -0.25611737, 0.17953515, 0.02670778, 1.5924498, 0.014332978)
bones/21/enabled = true
bones/21/position = Vector3(-0.035214838, 1.5831244, 0.043909714)
bones/21/rotation = Quaternion(-0.47357404, -0.4400345, -0.47635975, 0.5959688)
bones/21/scale = Vector3(1, 0.99999994, 0.9999998)
bones/22/name = "DEF-upper_arm.L"
bones/22/parent = -1
bones/22/rest = Transform3D(-0.74302137, 0.63611364, 0.20803446, -0.627183, -0.77029246, 0.11528484, 0.23358168, -0.044816576, 0.97130364, 0.23467427, 1.6097392, -0.041129153)
bones/22/enabled = true
bones/22/position = Vector3(0.1784036, 1.5789497, 0.012714423)
bones/22/rotation = Quaternion(0.06492471, 0.025180457, 0.9938325, -0.08630058)
bones/22/scale = Vector3(0.99999994, 1.0000001, 0.99999994)
bones/23/name = "DEF-upper_arm.L.001"
bones/23/parent = 22
bones/23/rest = Transform3D(0.9999982, 8.280553e-07, -0.0018950778, -8.2783646e-07, 1, 1.16268524e-07, 0.0018950778, -1.146995e-07, 0.9999982, 4.284084e-08, 0.11313212, -3.7252903e-09)
bones/23/enabled = true
bones/23/position = Vector3(4.284084e-08, 0.11313212, -3.7252903e-09)
bones/23/rotation = Quaternion(3.849788e-08, -0.0041915453, 1.6358616e-08, 0.99999124)
bones/23/scale = Vector3(1, 1, 1)
bones/24/name = "DEF-forearm.L"
bones/24/parent = 23
bones/24/rest = Transform3D(0.9999982, -0.00032690947, -0.0018730452, 1.0082586e-06, 0.9851994, -0.17141218, 0.0019013593, 0.17141189, 0.9851976, 2.8871e-08, 0.113132276, -3.7252903e-09)
bones/24/enabled = true
bones/24/position = Vector3(2.8871e-08, 0.113132276, -3.7252903e-09)
bones/24/rotation = Quaternion(0.1966245, -0.004191332, 0.00084181735, 0.9804696)
bones/24/scale = Vector3(1.0000006, 0.9999987, 1.0000002)
bones/25/name = "DEF-forearm.L.001"
bones/25/parent = 24
bones/25/rest = Transform3D(0.9999978, 4.4680812e-07, 0.0020638893, -4.4726164e-07, 1.0000001, 2.1933083e-07, -0.0020638893, -2.2025348e-07, 0.99999785, 1.8626451e-08, 0.12621467, -7.450581e-09)
bones/25/enabled = true
bones/25/position = Vector3(1.8626451e-08, 0.12621467, -7.450581e-09)
bones/25/rotation = Quaternion(4.7029625e-09, 0.043578587, 2.6112795e-08, 0.99905)
bones/25/scale = Vector3(0.9999999, 1.0000001, 0.99999994)
bones/26/name = "DEF-hand.L"
bones/26/parent = 25
bones/26/rest = Transform3D(0.99755055, 0.06992805, 0.0017391548, -0.06993306, 0.997547, 0.003002603, -0.0015249229, -0.0031168726, 0.9999939, 2.2351742e-08, 0.12621488, 2.0489097e-08)
bones/26/enabled = true
bones/26/position = Vector3(2.2351742e-08, 0.12621488, 2.0489097e-08)
bones/26/rotation = Quaternion(0.004465807, 0.043363202, -0.06528884, 0.9969138)
bones/26/scale = Vector3(1.0000006, 0.99999905, 1.0000006)
bones/27/name = "DEF-shoulder.R"
bones/27/parent = -1
bones/27/rest = Transform3D(0.28408587, -0.9465768, 0.15260386, 0.1308592, 0.19595066, 0.97184324, -0.9498269, -0.25611734, 0.17953506, -0.026707793, 1.5924498, 0.014332973)
bones/27/enabled = true
bones/27/position = Vector3(-0.08857007, 1.5807264, 0.044676192)
bones/27/rotation = Quaternion(-0.53106606, 0.38693297, 0.44647393, 0.60738194)
bones/27/scale = Vector3(1, 1.0000001, 1)
bones/28/name = "DEF-upper_arm.R"
bones/28/parent = -1
bones/28/rest = Transform3D(-0.74262315, -0.6297268, -0.22793663, 0.62766796, -0.7731416, 0.09102225, -0.23354647, -0.07547327, 0.9694121, -0.2346744, 1.6097391, -0.041129157)
bones/28/enabled = true
bones/28/position = Vector3(-0.2941554, 1.5635145, -0.019064281)
bones/28/rotation = Quaternion(-0.17366394, -0.077130534, 0.9807838, 0.044215802)
bones/28/scale = Vector3(1.0000004, 0.9999992, 1.0000004)
bones/29/name = "DEF-upper_arm.R.001"
bones/29/parent = 28
bones/29/rest = Transform3D(0.9999993, 5.223777e-07, -0.0011494737, -5.2256615e-07, 0.99999994, -1.636125e-07, 0.0011494737, 1.6421308e-07, 0.9999993, 9.033829e-08, 0.113444224, 2.2351742e-08)
bones/29/enabled = true
bones/29/position = Vector3(9.033829e-08, 0.113444224, 2.2351742e-08)
bones/29/rotation = Quaternion(2.2712344e-08, -0.012865005, 1.2275382e-07, 0.9999173)
bones/29/scale = Vector3(0.99999994, 0.99999994, 0.99999994)
bones/30/name = "DEF-forearm.R"
bones/30/parent = 29
bones/30/rest = Transform3D(0.9999993, -0.0002662514, -0.0011273467, 6.401387e-08, 0.9732381, -0.22979803, 0.0011583611, 0.22979784, 0.97323763, 8.381903e-09, 0.11344427, 7.450581e-09)
bones/30/enabled = true
bones/30/position = Vector3(8.381903e-09, 0.11344427, 7.450581e-09)
bones/30/rotation = Quaternion(0.064017996, -0.012927657, 0.0008292241, 0.99786466)
bones/30/scale = Vector3(0.9999998, 1.0000001, 0.9999998)
bones/31/name = "DEF-forearm.R.001"
bones/31/parent = 30
bones/31/rest = Transform3D(0.9999989, 2.2905984e-07, 0.0014825504, -2.2915096e-07, 1, 6.129747e-08, -0.0014825504, -6.1637124e-08, 0.9999989, -5.6810677e-08, 0.12654339, 7.450581e-09)
bones/31/enabled = true
bones/31/position = Vector3(-5.6810677e-08, 0.12654339, 7.450581e-09)
bones/31/rotation = Quaternion(-1.3902392e-08, -0.03087565, 1.7633636e-09, 0.9995233)
bones/31/scale = Vector3(1, 1, 1)
bones/32/name = "DEF-hand.R"
bones/32/parent = 31
bones/32/rest = Transform3D(0.99758875, -0.069396645, 0.0008316729, 0.06933708, 0.9971065, 0.031166533, -0.0029921182, -0.031033725, 0.99951386, 8.1025064e-08, 0.12654342, -3.7252903e-09)
bones/32/enabled = true
bones/32/position = Vector3(8.1025064e-08, 0.12654342, -3.7252903e-09)
bones/32/rotation = Quaternion(0.0010869479, -0.030660812, 0.056546066, 0.99792856)
bones/32/scale = Vector3(1.0000005, 0.9999986, 1.0000008)

[node name="SkeletonAnimator" type="AnimationPlayer" parent="." unique_id=771932943]
libraries/ = ExtResource("2_o3jtc")
autoplay = &"Idle"
playback_default_blend_time = 0.5

[node name="NodeAnimator" type="AnimationPlayer" parent="." unique_id=1861614792]
root_node = NodePath("../Visuals")
libraries/ = SubResource("AnimationLibrary_fog30")

[editable path="Visuals"]
