[gd_scene format=3 uid="uid://du4xms5jmpcru"]

[ext_resource type="Script" uid="uid://cw40pockgu4q0" path="res://scenes/UI/player_kor_dummy.gd" id="1_o3jtc"]
[ext_resource type="PackedScene" uid="uid://baoepsupldxk8" path="res://scenes/Player/Model/player_visuals_KOR.tscn" id="1_rboxt"]
[ext_resource type="AnimationLibrary" uid="uid://cdcr04y82btgt" path="res://assets/Animations/kor_anim/Kor_Animation_Library.res" id="2_o3jtc"]

[sub_resource type="Animation" id="Animation_rboxt"]
length = 0.001
tracks/0/type = "value"
tracks/0/imported = false
tracks/0/enabled = true
tracks/0/path = NodePath(".:position")
tracks/0/interp = 1
tracks/0/loop_wrap = true
tracks/0/keys = {
"times": PackedFloat32Array(0),
"transitions": PackedFloat32Array(1),
"update": 0,
"values": [Vector3(0, 0, 0)]
}

[sub_resource type="Animation" id="Animation_o3jtc"]
resource_name = "move_fwd"
length = 20.0
tracks/0/type = "value"
tracks/0/imported = false
tracks/0/enabled = true
tracks/0/path = NodePath(".:position")
tracks/0/interp = 1
tracks/0/loop_wrap = true
tracks/0/keys = {
"times": PackedFloat32Array(0, 20),
"transitions": PackedFloat32Array(1, 1),
"update": 0,
"values": [Vector3(0, 0, 0), Vector3(0, 0, -10)]
}

[sub_resource type="AnimationLibrary" id="AnimationLibrary_fog30"]
_data = {
&"RESET": SubResource("Animation_rboxt"),
&"move_fwd": SubResource("Animation_o3jtc")
}

[node name="DummyKor" type="CharacterBody3D" unique_id=1159028594]
transform = Transform3D(-1, 0, -8.742278e-08, 0, 1, 0, 8.742278e-08, 0, -1, 0, 0, 0)
collision_mask = 6
script = ExtResource("1_o3jtc")

[node name="Visuals" parent="." unique_id=2638631 instance=ExtResource("1_rboxt")]
script = null

[node name="Skinned Mesh 0" parent="Visuals" index="0" unique_id=1928124167]
skeleton = NodePath("../../GeneralSkeleton")

[node name="GeneralSkeleton" type="Skeleton3D" parent="." unique_id=2093470665]
unique_name_in_owner = true
transform = Transform3D(-1, 0, 8.742278e-08, 0, 1, 0, -8.742278e-08, 0, -1, 0, 0, 0)
bones/0/name = "DEF-spine"
bones/0/parent = -1
bones/0/rest = Transform3D(1, 1.7763568e-15, -2.3841858e-07, -5.2792345e-08, 0.97517693, -0.2214272, 2.3250027e-07, 0.22142717, 0.97517705, 1.4967572e-15, 1.016771, -0.020157695)
bones/0/enabled = true
bones/0/position = Vector3(0.013176909, 0.9817402, -0.01320936)
bones/0/rotation = Quaternion(0.109754324, -0.023584424, -0.009692373, 0.9936317)
bones/0/scale = Vector3(1, 1, 1.0000001)
bones/1/name = "DEF-spine.001"
bones/1/parent = 0
bones/1/rest = Transform3D(1, -2.5941233e-08, 4.754216e-07, -2.5941219e-08, 0.9940631, 0.108805396, -4.7542161e-07, -0.1088054, 0.994063, 3.827929e-15, 0.14058319, -7.450581e-09)
bones/1/enabled = true
bones/1/position = Vector3(3.827929e-15, 0.14058319, -7.450581e-09)
bones/1/rotation = Quaternion(-0.053537324, 0.00032365738, 0.005927208, 0.99854827)
bones/1/scale = Vector3(1, 1, 0.99999994)
bones/2/name = "DEF-spine.002"
bones/2/parent = 1
bones/2/rest = Transform3D(1, 1.0645318e-07, -2.2638378e-07, -5.322663e-08, 0.9747615, 0.22324856, 2.444357e-07, -0.22324854, 0.97476155, 2.804736e-15, 0.14133112, 0)
bones/2/enabled = true
bones/2/position = Vector3(2.804736e-15, 0.14133112, 0)
bones/2/rotation = Quaternion(-0.111413166, 0.017407766, 0.00792073, 0.9935902)
bones/2/scale = Vector3(1, 0.99999994, 1)
bones/3/name = "DEF-spine.003"
bones/3/parent = 2
bones/3/rest = Transform3D(1, -5.2785502e-08, -2.4752728e-07, 6.7119174e-08, 0.9983008, 0.05826976, 2.4403093e-07, -0.058269765, 0.99830073, 6.844243e-15, 0.18008995, -2.3283064e-09)
bones/3/enabled = true
bones/3/position = Vector3(6.844243e-15, 0.18008995, -2.3283064e-09)
bones/3/rotation = Quaternion(-0.02907316, 0.043138113, 0.0044515994, 0.99863607)
bones/3/scale = Vector3(1, 0.9999999, 0.9999998)
bones/4/name = "DEF-spine.004"
bones/4/parent = 3
bones/4/rest = Transform3D(1, 1.03016106e-07, -2.3404372e-08, -1.03016106e-07, 0.9018347, -0.4320809, -2.3404422e-08, 0.43208086, 0.9018348, 3.5527137e-15, 0.19180319, 2.607703e-08)
bones/4/enabled = true
bones/4/position = Vector3(3.5527137e-15, 0.19180319, 2.607703e-08)
bones/4/rotation = Quaternion(0.22145355, -0.028808402, 0.0015630955, 0.97474414)
bones/4/scale = Vector3(1.0000001, 1, 1.0000001)
bones/5/name = "DEF-spine.005"
bones/5/parent = 4
bones/5/rest = Transform3D(1, -7.3885275e-08, 2.3199807e-07, 2.4347381e-08, 0.97841454, 0.20665266, -2.4225884e-07, -0.2066527, 0.97841436, -8.881784e-16, 0.05894705, -3.7252925e-09)
bones/5/enabled = true
bones/5/position = Vector3(-8.881784e-16, 0.05894705, -3.7252925e-09)
bones/5/rotation = Quaternion(-0.10388043, 0.012411375, -0.0012963945, 0.9945116)
bones/5/scale = Vector3(0.999999, 1.0000017, 0.99999887)
bones/6/name = "DEF-spine.006"
bones/6/parent = 5
bones/6/rest = Transform3D(1, 2.4467594e-08, 2.9792813e-09, -2.4615362e-08, 0.997589, 0.06939821, -1.274091e-09, -0.06939821, 0.997589, -1.3340024e-15, 0.05968263, -2.7939677e-09)
bones/6/enabled = true
bones/6/position = Vector3(-1.3340024e-15, 0.05968263, -2.7939677e-09)
bones/6/rotation = Quaternion(0.0412946, -0.016262429, 0.0017014075, 0.9990133)
bones/6/scale = Vector3(1.0000008, 0.9999981, 1.000001)
bones/7/name = "DEF-pelvis.L"
bones/7/parent = -1
bones/7/rest = Transform3D(-0.33608767, 0.5921582, -0.732389, -0.16911963, 0.7270398, 0.66544086, 0.92652214, 0.3475079, -0.14420354, 4.236759e-08, 1.016771, -0.020157725)
bones/7/enabled = true
bones/7/position = Vector3(0.013176951, 0.9817402, -0.0132093625)
bones/7/rotation = Quaternion(-0.14471614, -0.7539032, -0.3496053, 0.5370879)
bones/7/scale = Vector3(0.9999998, 0.99999994, 0.9999999)
bones/8/name = "DEF-pelvis.R"
bones/8/parent = -1
bones/8/rest = Transform3D(-0.3360877, -0.5921582, 0.732389, 0.16911963, 0.7270398, 0.6654409, -0.92652225, 0.3475079, -0.14420356, 3.6041827e-09, 1.016771, -0.020157736)
bones/8/enabled = true
bones/8/position = Vector3(0.013176912, 0.9817402, -0.013209375)
bones/8/rotation = Quaternion(-0.14174546, 0.7324298, 0.3295506, 0.5786634)
bones/8/scale = Vector3(0.99999994, 0.99999994, 0.99999994)
bones/9/name = "DEF-thigh.L"
bones/9/parent = -1
bones/9/rest = Transform3D(0.9891914, 0.10607275, -0.101240985, 0.09598353, -0.9903659, -0.099810705, -0.11085263, 0.08901418, -0.9898448, 0.11652211, 1.062959, 0.0019185217)
bones/9/enabled = true
bones/9/position = Vector3(0.12969702, 1.0251504, 0.013933016)
bones/9/rotation = Quaternion(0.9776553, 0.025144935, -0.024460897, 0.20726706)
bones/9/scale = Vector3(1.0034081, 0.99321854, 1.0034082)
bones/10/name = "DEF-thigh.L.001"
bones/10/parent = 9
bones/10/rest = Transform3D(0.9999968, -2.6632284e-08, -0.002548197, 2.645311e-08, 0.99999994, -7.034868e-08, 0.002548197, 7.028104e-08, 0.9999968, 3.958121e-09, 0.23973161, 1.0244548e-08)
bones/10/enabled = true
bones/10/position = Vector3(3.958121e-09, 0.23973161, 1.0244548e-08)
bones/10/rotation = Quaternion(-5.3512984e-08, -0.0028572648, -6.913005e-09, 0.999996)
bones/10/scale = Vector3(1, 0.99999994, 1)
bones/11/name = "DEF-shin.L"
bones/11/parent = 10
bones/11/rest = Transform3D(0.9999967, -0.0006452934, -0.0024850587, 1.5241676e-07, 0.9679152, -0.25127655, 0.0025674738, 0.2512757, 0.967912, 5.122274e-09, 0.23973174, 1.8626451e-09)
bones/11/enabled = true
bones/11/position = Vector3(5.122274e-09, 0.23973174, 1.8626451e-09)
bones/11/rotation = Quaternion(0.23849583, -0.0028545568, 0.00069856853, 0.9711391)
bones/11/scale = Vector3(1.0003728, 0.997086, 1.0025837)
bones/12/name = "DEF-shin.L.001"
bones/12/parent = 11
bones/12/rest = Transform3D(0.9999952, -3.8407887e-08, 0.0031087997, 3.7960564e-08, 1, 1.439487e-07, -0.0031087992, -1.4382998e-07, 0.9999953, -1.1641532e-09, 0.21843585, 1.8626451e-09)
bones/12/enabled = true
bones/12/position = Vector3(-1.1641532e-09, 0.21843585, 1.8626451e-09)
bones/12/rotation = Quaternion(3.6690704e-08, 0.0015265652, 3.1498338e-08, 0.99999887)
bones/12/scale = Vector3(1, 1, 1.0000001)
bones/13/name = "DEF-foot.L"
bones/13/parent = 12
bones/13/rest = Transform3D(0.9890746, -0.14741561, 0.00022793113, 0.07590072, 0.51057476, 0.8564768, -0.12637442, -0.84710217, 0.5161855, -1.3969839e-08, 0.21843591, 1.8626451e-09)
bones/13/enabled = true
bones/13/position = Vector3(-1.3969839e-08, 0.21843591, 1.8626451e-09)
bones/13/rotation = Quaternion(-0.45023936, 0.03690235, 0.03427794, 0.89148635)
bones/13/scale = Vector3(0.9967451, 0.9992151, 1.004112)
bones/14/name = "DEF-toe.L"
bones/14/parent = 13
bones/14/rest = Transform3D(-1, -9.08932e-05, 6.605069e-05, -0.00011231939, 0.82405245, -0.5665133, -2.9370276e-06, -0.5665132, -0.8240527, -1.5535306e-08, 0.17699446, -1.080241e-08)
bones/14/enabled = true
bones/14/position = Vector3(-1.5535306e-08, 0.17699446, -1.080241e-08)
bones/14/rotation = Quaternion(2.872152e-05, 0.9261974, -0.37703902, -1.0323494e-05)
bones/14/scale = Vector3(0.99949455, 1.0002729, 1.0002578)
bones/15/name = "DEF-thigh.R"
bones/15/parent = -1
bones/15/rest = Transform3D(0.9892375, -0.10511116, 0.10179204, -0.09554956, -0.99091417, -0.09465438, 0.110816106, 0.08390919, -0.9902954, -0.11652209, 1.062959, 0.0019185059)
bones/15/enabled = true
bones/15/position = Vector3(-0.10304408, 1.0308456, 0.0035065447)
bones/15/rotation = Quaternion(0.9953572, -0.02450171, 0.072653204, 0.058183685)
bones/15/scale = Vector3(1.0049646, 0.99014467, 1.0049646)
bones/16/name = "DEF-thigh.R.001"
bones/16/parent = 15
bones/16/rest = Transform3D(0.9999997, 2.7023772e-08, 0.00078818586, -2.6992941e-08, 1, -3.9126192e-08, -0.00078818575, 3.91049e-08, 0.9999998, -8.1490725e-09, 0.23958851, 7.450581e-09)
bones/16/enabled = true
bones/16/position = Vector3(-8.1490725e-09, 0.23958851, 7.450581e-09)
bones/16/rotation = Quaternion(7.974707e-09, 0.0049654054, -4.54541e-09, 0.9999877)
bones/16/scale = Vector3(1, 1, 1.0000001)
bones/17/name = "DEF-shin.R"
bones/17/parent = 16
bones/17/rest = Transform3D(0.9999997, 0.00019105322, 0.0007693651, -2.525485e-07, 0.97060037, -0.24069679, -0.00079273205, 0.24069674, 0.97059995, -2.0489097e-08, 0.23958853, -1.8626451e-09)
bones/17/enabled = true
bones/17/position = Vector3(-2.0489097e-08, 0.23958853, -1.8626451e-09)
bones/17/rotation = Quaternion(0.3604455, 0.004950614, -0.001906249, 0.9327652)
bones/17/scale = Vector3(1.0005013, 0.9923632, 1.0072999)
bones/18/name = "DEF-shin.R.001"
bones/18/parent = 17
bones/18/rest = Transform3D(0.99999934, 1.8404842e-09, -0.0011197632, -1.8848056e-09, 1, -3.958017e-08, 0.0011197632, 3.9582257e-08, 0.9999992, 9.895302e-10, 0.21828224, -2.7939677e-09)
bones/18/enabled = true
bones/18/position = Vector3(9.895302e-10, 0.21828224, -2.7939677e-09)
bones/18/rotation = Quaternion(7.101415e-08, 0.0079783425, -7.0387784e-10, 0.99996823)
bones/18/scale = Vector3(0.99999994, 1, 0.9999998)
bones/19/name = "DEF-foot.R"
bones/19/parent = 18
bones/19/rest = Transform3D(0.9892292, 0.14637162, 0.0009944518, -0.07709262, 0.51521885, 0.85358423, 0.12442817, -0.8444672, 0.52095366, 1.816079e-08, 0.21828221, 0)
bones/19/enabled = true
bones/19/position = Vector3(1.816079e-08, 0.21828221, 0)
bones/19/rotation = Quaternion(-0.47952554, -0.02719273, -0.020411808, 0.87686896)
bones/19/scale = Vector3(0.99467045, 0.99914354, 1.0063304)
bones/20/name = "DEF-toe.R"
bones/20/parent = 19
bones/20/rest = Transform3D(-1, 7.824551e-05, -5.758701e-05, 9.710181e-05, 0.82412684, -0.5664053, 3.1403288e-06, -0.5664053, -0.82412684, -1.3064891e-09, 0.17697628, -9.999098e-09)
bones/20/enabled = true
bones/20/position = Vector3(-1.3064891e-09, 0.17697628, -9.999098e-09)
bones/20/rotation = Quaternion(-1.8394185e-06, 0.8555066, -0.517792, -2.0198058e-08)
bones/20/scale = Vector3(0.9998918, 0.99996173, 1.0001704)
bones/21/name = "DEF-shoulder.L"
bones/21/parent = -1
bones/21/rest = Transform3D(0.284086, 0.94657654, -0.15260383, -0.13085929, 0.19595067, 0.971843, 0.94982684, -0.25611737, 0.17953515, 0.02670778, 1.5924498, 0.014332978)
bones/21/enabled = true
bones/21/position = Vector3(0.04302028, 1.5575153, 0.018643074)
bones/21/rotation = Quaternion(-0.5357089, -0.3751982, -0.4263844, 0.62485087)
bones/21/scale = Vector3(1, 0.99999994, 0.9999998)
bones/22/name = "DEF-upper_arm.L"
bones/22/parent = -1
bones/22/rest = Transform3D(-0.74302137, 0.63611364, 0.20803446, -0.627183, -0.77029246, 0.11528484, 0.23358168, -0.044816576, 0.97130364, 0.23467427, 1.6097392, -0.041129153)
bones/22/enabled = true
bones/22/position = Vector3(0.24526562, 1.5457321, -0.056076337)
bones/22/rotation = Quaternion(0.18990259, -0.045566216, 0.97999316, -0.03839603)
bones/22/scale = Vector3(1.0023118, 0.9953924, 1.0023118)
bones/23/name = "DEF-upper_arm.L.001"
bones/23/parent = 22
bones/23/rest = Transform3D(0.9999982, 8.280553e-07, -0.0018950778, -8.2783646e-07, 1, 1.16268524e-07, 0.0018950778, -1.146995e-07, 0.9999982, 4.284084e-08, 0.11313212, -3.7252903e-09)
bones/23/enabled = true
bones/23/position = Vector3(4.284084e-08, 0.11313212, -3.7252903e-09)
bones/23/rotation = Quaternion(8.562449e-08, 0.02129165, 1.06679074e-08, 0.9997733)
bones/23/scale = Vector3(1, 1, 1)
bones/24/name = "DEF-forearm.L"
bones/24/parent = 23
bones/24/rest = Transform3D(0.9999982, -0.00032690947, -0.0018730452, 1.0082586e-06, 0.9851994, -0.17141218, 0.0019013593, 0.17141189, 0.9851976, 2.8871e-08, 0.113132276, -3.7252903e-09)
bones/24/enabled = true
bones/24/position = Vector3(2.8871e-08, 0.113132276, -3.7252903e-09)
bones/24/rotation = Quaternion(0.093521215, 0.021288108, -0.0019867923, 0.9953877)
bones/24/scale = Vector3(0.99996483, 0.9998305, 1.0002068)
bones/25/name = "DEF-forearm.L.001"
bones/25/parent = 24
bones/25/rest = Transform3D(0.9999978, 4.4680812e-07, 0.0020638893, -4.4726164e-07, 1.0000001, 2.1933083e-07, -0.0020638893, -2.2025348e-07, 0.99999785, 1.8626451e-08, 0.12621467, -7.450581e-09)
bones/25/enabled = true
bones/25/position = Vector3(1.8626451e-08, 0.12621467, -7.450581e-09)
bones/25/rotation = Quaternion(-1.4523881e-08, -0.0001635612, -6.6558634e-08, 1)
bones/25/scale = Vector3(0.9999999, 1.0000001, 0.99999994)
bones/26/name = "DEF-hand.L"
bones/26/parent = 25
bones/26/rest = Transform3D(0.99755055, 0.06992805, 0.0017391548, -0.06993306, 0.997547, 0.003002603, -0.0015249229, -0.0031168726, 0.9999939, 2.2351742e-08, 0.12621488, 2.0489097e-08)
bones/26/enabled = true
bones/26/position = Vector3(2.2351742e-08, 0.12621488, 2.0489097e-08)
bones/26/rotation = Quaternion(-0.0051040193, -0.000380063, -0.034802113, 0.9993811)
bones/26/scale = Vector3(0.99776155, 1.0045235, 0.99772936)
bones/27/name = "DEF-shoulder.R"
bones/27/parent = -1
bones/27/rest = Transform3D(0.28408587, -0.9465768, 0.15260386, 0.1308592, 0.19595066, 0.97184324, -0.9498269, -0.25611734, 0.17953506, -0.026707793, 1.5924498, 0.014332973)
bones/27/enabled = true
bones/27/position = Vector3(-0.010243375, 1.557515, 0.022667889)
bones/27/rotation = Quaternion(-0.47215, 0.45749336, 0.49509206, 0.5680301)
bones/27/scale = Vector3(1, 1.0000001, 1)
bones/28/name = "DEF-upper_arm.R"
bones/28/parent = -1
bones/28/rest = Transform3D(-0.74262315, -0.6297268, -0.22793663, 0.62766796, -0.7731416, 0.09102225, -0.23354647, -0.07547327, 0.9694121, -0.2346744, 1.6097391, -0.041129157)
bones/28/enabled = true
bones/28/position = Vector3(-0.22518292, 1.5460547, 0.0054970086)
bones/28/rotation = Quaternion(-0.075533696, -0.093219236, 0.9855989, 0.11916281)
bones/28/scale = Vector3(0.99942225, 1.0011569, 0.9994223)
bones/29/name = "DEF-upper_arm.R.001"
bones/29/parent = 28
bones/29/rest = Transform3D(0.9999993, 5.223777e-07, -0.0011494737, -5.2256615e-07, 0.99999994, -1.636125e-07, 0.0011494737, 1.6421308e-07, 0.9999993, 9.033829e-08, 0.113444224, 2.2351742e-08)
bones/29/enabled = true
bones/29/position = Vector3(9.033829e-08, 0.113444224, 2.2351742e-08)
bones/29/rotation = Quaternion(-4.528133e-08, 0.008510791, -2.4565318e-07, 0.9999639)
bones/29/scale = Vector3(0.99999994, 0.99999994, 0.99999994)
bones/30/name = "DEF-forearm.R"
bones/30/parent = 29
bones/30/rest = Transform3D(0.9999993, -0.0002662514, -0.0011273467, 6.401387e-08, 0.9732381, -0.22979803, 0.0011583611, 0.22979784, 0.97323763, 8.381903e-09, 0.11344427, 7.450581e-09)
bones/30/enabled = true
bones/30/position = Vector3(8.381903e-09, 0.11344427, 7.450581e-09)
bones/30/rotation = Quaternion(0.2332642, 0.008512127, -0.0020443571, 0.9723741)
bones/30/scale = Vector3(0.9996912, 1.0009762, 0.9993349)
bones/31/name = "DEF-forearm.R.001"
bones/31/parent = 30
bones/31/rest = Transform3D(0.9999989, 2.2905984e-07, 0.0014825504, -2.2915096e-07, 1, 6.129747e-08, -0.0014825504, -6.1637124e-08, 0.9999989, -5.6810677e-08, 0.12654339, 7.450581e-09)
bones/31/enabled = true
bones/31/position = Vector3(-5.6810677e-08, 0.12654339, 7.450581e-09)
bones/31/rotation = Quaternion(-1.9307805e-08, 0.0071813837, -2.4447164e-08, 0.9999743)
bones/31/scale = Vector3(1, 1, 1)
bones/32/name = "DEF-hand.R"
bones/32/parent = 31
bones/32/rest = Transform3D(0.99758875, -0.069396645, 0.0008316729, 0.06933708, 0.9971065, 0.031166533, -0.0029921182, -0.031033725, 0.99951386, 8.1025064e-08, 0.12654342, -3.7252903e-09)
bones/32/enabled = true
bones/32/position = Vector3(8.1025064e-08, 0.12654342, -3.7252903e-09)
bones/32/rotation = Quaternion(-0.039668653, 0.0074008624, 0.19884427, 0.9792)
bones/32/scale = Vector3(1.0004852, 0.99864733, 1.0008698)

[node name="SkeletonAnimator" type="AnimationPlayer" parent="." unique_id=771932943]
libraries/ = ExtResource("2_o3jtc")
autoplay = &"Idle"
playback_default_blend_time = 0.5

[node name="NodeAnimator" type="AnimationPlayer" parent="." unique_id=1861614792]
root_node = NodePath("../Visuals")
libraries/ = SubResource("AnimationLibrary_fog30")

[editable path="Visuals"]
