[gd_scene format=3 uid="uid://cj5otmew6fmhu"]

[ext_resource type="Script" uid="uid://beecjjxw8usyq" path="res://scenes/Player/Model/PlayerModel.gd" id="1_0ddm0"]
[ext_resource type="Script" uid="uid://dymb282u1er82" path="res://scenes/Player/Model/Animator.gd" id="2_8a05l"]
[ext_resource type="Script" uid="uid://2uws77f4qfge" path="res://scenes/Player/Model/PlayerResources.gd" id="3_nhc3r"]
[ext_resource type="Script" uid="uid://2b7pynce570y" path="res://scenes/Player/Model/ik_controller.gd" id="3_vcesj"]
[ext_resource type="Script" uid="uid://cagrwucqjpojr" path="res://scenes/Player/Model/Combat.gd" id="4_ci4rg"]
[ext_resource type="Script" uid="uid://cx1lo61cehanm" path="res://scenes/Player/Model/PlayerStates.gd" id="5_lo1wh"]
[ext_resource type="Script" uid="uid://bsif0p0dsw1y" path="res://scenes/Player/Model/MoveData.gd" id="6_k4d2v"]
[ext_resource type="Animation" uid="uid://dilffbptd2yk2" path="res://assets/Animations/backend anims/RESET.res" id="7_w0sbt"]
[ext_resource type="Animation" uid="uid://dvtl03cj1diya" path="res://assets/Animations/backend anims/idle_param.res" id="8_q0b3n"]
[ext_resource type="Animation" uid="uid://bqbvwnwcrwmrl" path="res://assets/Animations/backend anims/jump_param.res" id="9_wn530"]
[ext_resource type="Animation" uid="uid://2ckjwmjaxqkq" path="res://assets/Animations/backend anims/land_param.res" id="10_4wj7p"]
[ext_resource type="Animation" uid="uid://dwdoeb34118ed" path="res://assets/Animations/backend anims/midair_param.res" id="11_t5uts"]
[ext_resource type="Animation" uid="uid://bvkom48re08t8" path="res://assets/Animations/backend anims/roll_param.res" id="12_8gaa8"]
[ext_resource type="Animation" uid="uid://b22ln2ugp7hxv" path="res://assets/Animations/backend anims/run_param.res" id="13_60i8c"]
[ext_resource type="Animation" uid="uid://ucl55j550586" path="res://assets/Animations/backend anims/sprint_param.res" id="14_barrf"]
[ext_resource type="Animation" uid="uid://ifakrm0we0l8" path="res://assets/Animations/backend anims/sprintjump_param.res" id="15_k4412"]
[ext_resource type="Animation" uid="uid://c727vvbb3hi8y" path="res://assets/Animations/backend anims/sprintland_param.res" id="16_mj1b5"]
[ext_resource type="Script" uid="uid://hpu0mum6kwxi" path="res://scenes/Player/Model/MoveDataPlayer.gd" id="17_o8rmv"]
[ext_resource type="Script" uid="uid://dfuvibsav4bp4" path="res://scenes/Player/state machine/states/Idle.gd" id="18_hq1bj"]
[ext_resource type="Script" uid="uid://p7gu6jb1w43" path="res://scenes/Player/state machine/states/Jump.gd" id="19_taqgt"]
[ext_resource type="Script" uid="uid://b1dhg64dkusa0" path="res://scenes/Player/state machine/states/Land.gd" id="20_8288y"]
[ext_resource type="Script" uid="uid://ceiy3rf8m8e2t" path="res://scenes/Player/state machine/states/Midair.gd" id="21_2etlo"]
[ext_resource type="Script" uid="uid://b2g48acitrgkm" path="res://scenes/Player/state machine/states/Roll.gd" id="22_1q7fv"]
[ext_resource type="Script" uid="uid://dglvhinq8bost" path="res://scenes/Player/state machine/states/RunNEW.gd" id="23_nhfwv"]
[ext_resource type="Script" uid="uid://bg1hct5wo78mk" path="res://scenes/Player/state machine/states/Sprint.gd" id="24_hdb3x"]
[ext_resource type="Script" uid="uid://cuv5p2t6nu4r4" path="res://scenes/Player/state machine/states/Sprint_Jump.gd" id="25_fmgso"]
[ext_resource type="Script" uid="uid://rddrs7hlxpaj" path="res://scenes/Player/state machine/states/Sprint_Land.gd" id="26_sobf7"]
[ext_resource type="Script" uid="uid://cqq6bv6847ohk" path="res://scenes/Player/state machine/states/Overheat.gd" id="27_nhfwv"]
[ext_resource type="Script" uid="uid://bdebuoj21ivwh" path="res://scenes/Player/Model/AreaAwareness.gd" id="27_sjtmp"]
[ext_resource type="Script" uid="uid://c2tcpajc6drij" path="res://scenes/Player/Model/downcast.gd" id="28_40mc8"]
[ext_resource type="Script" path="res://scenes/Player/state machine/states/Death.gd" id="28_vcesj"]
[ext_resource type="AnimationLibrary" uid="uid://cdcr04y82btgt" path="res://assets/Animations/kor_anim/Kor_Animation_Library.res" id="29_0stpf"]
[ext_resource type="Script" uid="uid://cfehsol6an6ke" path="res://scenes/Player/Model/SkeletonAnimator.gd" id="29_upehi"]

[sub_resource type="Animation" id="Animation_hqa57"]
resource_name = "death_param"
tracks/0/type = "value"
tracks/0/imported = false
tracks/0/enabled = true
tracks/0/path = NodePath("MoveDataPlayer:root_position")
tracks/0/interp = 1
tracks/0/loop_wrap = true
tracks/0/keys = {
"times": PackedFloat32Array(0),
"transitions": PackedFloat32Array(1),
"update": 0,
"values": [Vector3(0, 0, 0)]
}
tracks/1/type = "value"
tracks/1/imported = false
tracks/1/enabled = true
tracks/1/path = NodePath("MoveDataPlayer:transitions_to_queued")
tracks/1/interp = 1
tracks/1/loop_wrap = true
tracks/1/keys = {
"times": PackedFloat32Array(0),
"transitions": PackedFloat32Array(1),
"update": 1,
"values": [false]
}
tracks/2/type = "value"
tracks/2/imported = false
tracks/2/enabled = true
tracks/2/path = NodePath("MoveDataPlayer:accepts_queueing")
tracks/2/interp = 1
tracks/2/loop_wrap = true
tracks/2/keys = {
"times": PackedFloat32Array(0),
"transitions": PackedFloat32Array(1),
"update": 1,
"values": [false]
}
tracks/3/type = "value"
tracks/3/imported = false
tracks/3/enabled = true
tracks/3/path = NodePath("MoveDataPlayer:is_vulnerable")
tracks/3/interp = 1
tracks/3/loop_wrap = true
tracks/3/keys = {
"times": PackedFloat32Array(0),
"transitions": PackedFloat32Array(1),
"update": 1,
"values": [false]
}
tracks/4/type = "value"
tracks/4/imported = false
tracks/4/enabled = true
tracks/4/path = NodePath("MoveDataPlayer:is_interruptable")
tracks/4/interp = 1
tracks/4/loop_wrap = true
tracks/4/keys = {
"times": PackedFloat32Array(0),
"transitions": PackedFloat32Array(1),
"update": 1,
"values": [false]
}
tracks/5/type = "value"
tracks/5/imported = false
tracks/5/enabled = true
tracks/5/path = NodePath("MoveDataPlayer:tracks_input_vector")
tracks/5/interp = 1
tracks/5/loop_wrap = true
tracks/5/keys = {
"times": PackedFloat32Array(0),
"transitions": PackedFloat32Array(1),
"update": 1,
"values": [false]
}

[sub_resource type="Animation" id="Animation_ukgj8"]
resource_name = "overheat_param"
tracks/0/type = "value"
tracks/0/imported = false
tracks/0/enabled = true
tracks/0/path = NodePath("MoveDataPlayer:root_position")
tracks/0/interp = 1
tracks/0/loop_wrap = true
tracks/0/keys = {
"times": PackedFloat32Array(0),
"transitions": PackedFloat32Array(1),
"update": 0,
"values": [Vector3(0, 0, 0)]
}
tracks/1/type = "value"
tracks/1/imported = false
tracks/1/enabled = true
tracks/1/path = NodePath("MoveDataPlayer:transitions_to_queued")
tracks/1/interp = 1
tracks/1/loop_wrap = true
tracks/1/keys = {
"times": PackedFloat32Array(0),
"transitions": PackedFloat32Array(1),
"update": 1,
"values": [false]
}
tracks/2/type = "value"
tracks/2/imported = false
tracks/2/enabled = true
tracks/2/path = NodePath("MoveDataPlayer:accepts_queueing")
tracks/2/interp = 1
tracks/2/loop_wrap = true
tracks/2/keys = {
"times": PackedFloat32Array(0),
"transitions": PackedFloat32Array(1),
"update": 1,
"values": [false]
}
tracks/3/type = "value"
tracks/3/imported = false
tracks/3/enabled = true
tracks/3/path = NodePath("MoveDataPlayer:is_vulnerable")
tracks/3/interp = 1
tracks/3/loop_wrap = true
tracks/3/keys = {
"times": PackedFloat32Array(0),
"transitions": PackedFloat32Array(1),
"update": 1,
"values": [false]
}
tracks/4/type = "value"
tracks/4/imported = false
tracks/4/enabled = true
tracks/4/path = NodePath("MoveDataPlayer:is_interruptable")
tracks/4/interp = 1
tracks/4/loop_wrap = true
tracks/4/keys = {
"times": PackedFloat32Array(0),
"transitions": PackedFloat32Array(1),
"update": 1,
"values": [true]
}
tracks/5/type = "value"
tracks/5/imported = false
tracks/5/enabled = true
tracks/5/path = NodePath("MoveDataPlayer:tracks_input_vector")
tracks/5/interp = 1
tracks/5/loop_wrap = true
tracks/5/keys = {
"times": PackedFloat32Array(0),
"transitions": PackedFloat32Array(1),
"update": 1,
"values": [false]
}
tracks/6/type = "value"
tracks/6/imported = false
tracks/6/enabled = true
tracks/6/path = NodePath("MoveDataPlayer:can_shoot")
tracks/6/interp = 1
tracks/6/loop_wrap = true
tracks/6/keys = {
"times": PackedFloat32Array(0),
"transitions": PackedFloat32Array(1),
"update": 1,
"values": [false]
}

[sub_resource type="AnimationLibrary" id="AnimationLibrary_ldcj3"]
_data = {
&"RESET": ExtResource("7_w0sbt"),
&"death_param": SubResource("Animation_hqa57"),
&"idle_param": ExtResource("8_q0b3n"),
&"jump_param": ExtResource("9_wn530"),
&"land_param": ExtResource("10_4wj7p"),
&"midair_param": ExtResource("11_t5uts"),
&"overheat_param": SubResource("Animation_ukgj8"),
&"roll_param": ExtResource("12_8gaa8"),
&"run_param": ExtResource("13_60i8c"),
&"sprint_param": ExtResource("14_barrf"),
&"sprintjump_param": ExtResource("15_k4412"),
&"sprintland_param": ExtResource("16_mj1b5")
}

[sub_resource type="StandardMaterial3D" id="StandardMaterial3D_mex1x"]
transparency = 1
albedo_color = Color(0.43112004, 0.2652, 0.68, 0.5294118)

[sub_resource type="StandardMaterial3D" id="StandardMaterial3D_ep5i7"]
albedo_color = Color(0.8479999, 0.43, 1, 1)

[sub_resource type="JointLimitationCone3D" id="JointLimitationCone3D_hqa57"]
angle = 0.35814157

[sub_resource type="JointLimitationCone3D" id="JointLimitationCone3D_ukgj8"]
angle = 0.87266463

[sub_resource type="JointLimitationCone3D" id="JointLimitationCone3D_51l4k"]
angle = 0.61086524

[sub_resource type="JointLimitationCone3D" id="JointLimitationCone3D_0ddm0"]
angle = 0.87266463

[sub_resource type="JointLimitationCone3D" id="JointLimitationCone3D_8a05l"]
angle = 0.2617994

[node name="Model" type="Node3D" unique_id=1739466808]
script = ExtResource("1_0ddm0")

[node name="Animator" type="Node" parent="." unique_id=1739319606]
script = ExtResource("2_8a05l")

[node name="IKController" type="Node" parent="." unique_id=2061468786]
script = ExtResource("3_vcesj")

[node name="Resources" type="Node" parent="." unique_id=1213944734]
script = ExtResource("3_nhc3r")

[node name="Combat" type="Node" parent="." unique_id=1915299249]
script = ExtResource("4_ci4rg")

[node name="States" type="Node" parent="." unique_id=1034776287 node_paths=PackedStringArray("resources", "combat", "area_awareness", "moves_data_repo")]
script = ExtResource("5_lo1wh")
resources = NodePath("../Resources")
combat = NodePath("../Combat")
area_awareness = NodePath("../AreaAwareness")
moves_data_repo = NodePath("MoveData")

[node name="MoveData" type="Node" parent="States" unique_id=437860710 node_paths=PackedStringArray("move_database")]
script = ExtResource("6_k4d2v")
move_database = NodePath("MoveDataPlayer")

[node name="MoveDataPlayer" type="AnimationPlayer" parent="States/MoveData" unique_id=1263955147]
libraries/ = SubResource("AnimationLibrary_ldcj3")
script = ExtResource("17_o8rmv")
is_vulnerable = true
is_interruptable = true
tracks_input_vector = true
can_shoot = true

[node name="Idle" type="Node" parent="States" unique_id=1728556679]
script = ExtResource("18_hq1bj")
animation = "Idle"
move_name = "idle"
priority = 1
backend_animation = "idle_param"

[node name="Jump" type="Node" parent="States" unique_id=647611562]
script = ExtResource("19_taqgt")
animation = "Jump_Idle_Start"
move_name = "jump"
priority = 10
backend_animation = "jump_param"

[node name="Land" type="Node" parent="States" unique_id=1740421750]
script = ExtResource("20_8288y")
animation = "Jump_Idle_Land"
move_name = "land"
priority = 10
backend_animation = "land_param"

[node name="Midair" type="Node" parent="States" unique_id=522675216]
script = ExtResource("21_2etlo")
animation = "Jump_Midair"
move_name = "midair"
priority = 10
backend_animation = "midair_param"

[node name="Roll" type="Node" parent="States" unique_id=346457403]
script = ExtResource("22_1q7fv")
animation = "Roll"
move_name = "roll"
priority = 9
backend_animation = "roll_param"

[node name="Run" type="Node" parent="States" unique_id=699667576]
script = ExtResource("23_nhfwv")
animation = "Jog"
move_name = "run"
priority = 2
backend_animation = "run_param"
tracking_angular_speed = 45.0

[node name="Sprint" type="Node" parent="States" unique_id=1509238381]
script = ExtResource("24_hdb3x")
animation = "Sprint"
move_name = "sprint"
priority = 3
backend_animation = "sprint_param"

[node name="Sprint_Jump" type="Node" parent="States" unique_id=1129579536]
script = ExtResource("25_fmgso")
animation = "Jump_Sprint_Start"
move_name = "sprintjump"
priority = 10
backend_animation = "sprintjump_param"

[node name="Sprint_Land" type="Node" parent="States" unique_id=562662849]
script = ExtResource("26_sobf7")
animation = "Jump_Sprint_Land"
move_name = "sprintland"
priority = 10
backend_animation = "sprintland_param"

[node name="Overheat" type="Node" parent="States" unique_id=1994740004]
script = ExtResource("27_nhfwv")
animation = "Overheat"
move_name = "overheat"
priority = 9
backend_animation = "overheat_param"

[node name="Death" type="Node" parent="States" unique_id=1708955876]
script = ExtResource("28_vcesj")
animation = "Dying"
move_name = "death"
priority = 10
backend_animation = "death_param"

[node name="AreaAwareness" type="Node" parent="." unique_id=113609799]
script = ExtResource("27_sjtmp")

[node name="Downcast" type="RayCast3D" parent="AreaAwareness" unique_id=1824927467]
target_position = Vector3(0, -100, 0)
collision_mask = 6
debug_shape_custom_color = Color(0.27337447, 0.490281, 1, 1)
script = ExtResource("28_40mc8")

[node name="hip_sphere" type="CSGSphere3D" parent="AreaAwareness/Downcast" unique_id=1503519118]
visible = false
radius = 0.12
material = SubResource("StandardMaterial3D_mex1x")

[node name="target_sphere" type="CSGSphere3D" parent="AreaAwareness/Downcast" unique_id=2099732526]
visible = false
radius = 0.09
material = SubResource("StandardMaterial3D_ep5i7")

[node name="GeneralSkeleton" type="Skeleton3D" parent="." unique_id=1142941870]
unique_name_in_owner = true
transform = Transform3D(-1, 0, 8.742278e-08, 0, 1, 0, -8.742278e-08, 0, -1, 0, 0, 0)
bones/0/name = "DEF-spine"
bones/0/parent = -1
bones/0/rest = Transform3D(1, 1.7763568e-15, -2.3841858e-07, -5.2792345e-08, 0.97517693, -0.2214272, 2.3250027e-07, 0.22142717, 0.97517705, 1.4967572e-15, 1.016771, -0.020157695)
bones/0/enabled = true
bones/0/position = Vector3(-0.01984194, 0.9565754, -0.06542842)
bones/0/rotation = Quaternion(-0.014409961, -0.1741947, -0.025765147, 0.9842686)
bones/0/scale = Vector3(1, 1, 1.0000001)
bones/1/name = "DEF-spine.001"
bones/1/parent = 0
bones/1/rest = Transform3D(1, -2.5941233e-08, 4.754216e-07, -2.5941219e-08, 0.9940631, 0.108805396, -4.7542161e-07, -0.1088054, 0.994063, 3.827929e-15, 0.14058319, -7.450581e-09)
bones/1/enabled = true
bones/1/position = Vector3(3.827929e-15, 0.14058319, -7.450581e-09)
bones/1/rotation = Quaternion(0.04225021, 0.00030946414, 0.0056672003, 0.99909097)
bones/1/scale = Vector3(1, 1, 0.99999994)
bones/2/name = "DEF-spine.002"
bones/2/parent = 1
bones/2/rest = Transform3D(1, 1.0645318e-07, -2.2638378e-07, -5.322663e-08, 0.9747615, 0.22324856, 2.444357e-07, -0.22324854, 0.97476155, 2.804736e-15, 0.14133112, 0)
bones/2/enabled = true
bones/2/position = Vector3(2.804736e-15, 0.14133112, 0)
bones/2/rotation = Quaternion(-0.075687066, 0.046118572, 0.017536068, 0.9959102)
bones/2/scale = Vector3(1, 0.99999994, 1)
bones/3/name = "DEF-spine.003"
bones/3/parent = 2
bones/3/rest = Transform3D(1, -5.2785502e-08, -2.4752728e-07, 6.7119174e-08, 0.9983008, 0.05826976, 2.4403093e-07, -0.058269765, 0.99830073, 6.844243e-15, 0.18008995, -2.3283064e-09)
bones/3/enabled = true
bones/3/position = Vector3(6.844243e-15, 0.18008995, -2.3283064e-09)
bones/3/rotation = Quaternion(-0.08854941, 0.1264888, 0.015696809, 0.9878832)
bones/3/scale = Vector3(1, 0.9999999, 0.9999998)
bones/4/name = "DEF-spine.004"
bones/4/parent = 3
bones/4/rest = Transform3D(1, 1.03016106e-07, -2.3404372e-08, -1.03016106e-07, 0.9018347, -0.4320809, -2.3404422e-08, 0.43208086, 0.9018348, 3.5527137e-15, 0.19180319, 2.607703e-08)
bones/4/enabled = true
bones/4/position = Vector3(3.5527137e-15, 0.19180319, 2.607703e-08)
bones/4/rotation = Quaternion(0.2790023, -0.08556092, 0.0046424717, 0.9564599)
bones/4/scale = Vector3(0.99999857, 1.0000027, 0.99999887)
bones/5/name = "DEF-spine.005"
bones/5/parent = 4
bones/5/rest = Transform3D(1, -7.3885275e-08, 2.3199807e-07, 2.4347381e-08, 0.97841454, 0.20665266, -2.4225884e-07, -0.2066527, 0.97841436, -8.881784e-16, 0.05894705, -3.7252925e-09)
bones/5/enabled = true
bones/5/position = Vector3(-8.881784e-16, 0.05894705, -3.7252925e-09)
bones/5/rotation = Quaternion(-0.10358317, 0.07614805, -0.007953891, 0.9916698)
bones/5/scale = Vector3(1.0000013, 0.99999744, 1.0000013)
bones/6/name = "DEF-spine.006"
bones/6/parent = 5
bones/6/rest = Transform3D(1, 2.4467594e-08, 2.9792813e-09, -2.4615362e-08, 0.997589, 0.06939821, -1.274091e-09, -0.06939821, 0.997589, -1.3340024e-15, 0.05968263, -2.7939677e-09)
bones/6/enabled = true
bones/6/position = Vector3(-1.3340024e-15, 0.05968263, -2.7939677e-09)
bones/6/rotation = Quaternion(-0.048764102, -0.008526715, -0.0043622474, 0.99876446)
bones/6/scale = Vector3(0.99999964, 1.0000006, 0.99999964)
bones/7/name = "DEF-pelvis.L"
bones/7/parent = -1
bones/7/rest = Transform3D(-0.33608767, 0.5921582, -0.732389, -0.16911963, 0.7270398, 0.66544086, 0.92652214, 0.3475079, -0.14420354, 4.236759e-08, 1.016771, -0.020157725)
bones/7/enabled = true
bones/7/position = Vector3(-0.019841898, 0.9565754, -0.065428406)
bones/7/rotation = Quaternion(-0.18364498, -0.8563218, -0.29016975, 0.38573185)
bones/7/scale = Vector3(0.9999998, 0.99999994, 0.9999999)
bones/8/name = "DEF-pelvis.R"
bones/8/parent = -1
bones/8/rest = Transform3D(-0.3360877, -0.5921582, 0.732389, 0.16911963, 0.7270398, 0.6654409, -0.92652225, 0.3475079, -0.14420356, 3.6041827e-09, 1.016771, -0.020157736)
bones/8/enabled = true
bones/8/position = Vector3(-0.019841935, 0.9565754, -0.06542843)
bones/8/rotation = Quaternion(-0.23283988, 0.6790521, 0.1914371, 0.6693472)
bones/8/scale = Vector3(0.99999994, 0.99999994, 0.99999994)
bones/9/name = "DEF-thigh.L"
bones/9/parent = -1
bones/9/rest = Transform3D(0.9891914, 0.10607275, -0.101240985, 0.09598353, -0.9903659, -0.099810705, -0.11085263, 0.08901418, -0.9898448, 0.11652211, 1.062959, 0.0019185217)
bones/9/enabled = true
bones/9/position = Vector3(0.08837031, 1.0015154, -0.015743345)
bones/9/rotation = Quaternion(0.9607174, 0.05448035, 0.09482461, 0.2550735)
bones/9/scale = Vector3(1.0038707, 0.9923035, 1.0038706)
bones/10/name = "DEF-thigh.L.001"
bones/10/parent = 9
bones/10/rest = Transform3D(0.9999968, -2.6632284e-08, -0.002548197, 2.645311e-08, 0.99999994, -7.034868e-08, 0.002548197, 7.028104e-08, 0.9999968, 3.958121e-09, 0.23973161, 1.0244548e-08)
bones/10/enabled = true
bones/10/position = Vector3(3.958121e-09, 0.23973161, 1.0244548e-08)
bones/10/rotation = Quaternion(-5.511906e-08, -0.07587747, -8.254068e-09, 0.9971172)
bones/10/scale = Vector3(1, 0.99999994, 1)
bones/11/name = "DEF-shin.L"
bones/11/parent = 10
bones/11/rest = Transform3D(0.9999967, -0.0006452934, -0.0024850587, 1.5241676e-07, 0.9679152, -0.25127655, 0.0025674738, 0.2512757, 0.967912, 5.122274e-09, 0.23973174, 1.8626451e-09)
bones/11/enabled = true
bones/11/position = Vector3(5.122274e-09, 0.23973174, 1.8626451e-09)
bones/11/rotation = Quaternion(0.2880651, -0.075738505, 0.022742692, 0.9543401)
bones/11/scale = Vector3(1.0004058, 0.9956781, 1.0039904)
bones/12/name = "DEF-shin.L.001"
bones/12/parent = 11
bones/12/rest = Transform3D(0.9999952, -3.8407887e-08, 0.0031087997, 3.7960564e-08, 1, 1.439487e-07, -0.0031087992, -1.4382998e-07, 0.9999953, -1.1641532e-09, 0.21843585, 1.8626451e-09)
bones/12/enabled = true
bones/12/position = Vector3(-1.1641532e-09, 0.21843585, 1.8626451e-09)
bones/12/rotation = Quaternion(7.225005e-10, 0.0019466083, -1.6965863e-08, 0.99999815)
bones/12/scale = Vector3(1, 1, 1.0000001)
bones/13/name = "DEF-foot.L"
bones/13/parent = 12
bones/13/rest = Transform3D(0.9890746, -0.14741561, 0.00022793113, 0.07590072, 0.51057476, 0.8564768, -0.12637442, -0.84710217, 0.5161855, -1.3969839e-08, 0.21843591, 1.8626451e-09)
bones/13/enabled = true
bones/13/position = Vector3(-1.3969839e-08, 0.21843591, 1.8626451e-09)
bones/13/rotation = Quaternion(-0.44780877, 0.037399475, 0.0153288115, 0.8932154)
bones/13/scale = Vector3(0.99604756, 0.999739, 1.0043058)
bones/14/name = "DEF-toe.L"
bones/14/parent = 13
bones/14/rest = Transform3D(-1, -9.08932e-05, 6.605069e-05, -0.00011231939, 0.82405245, -0.5665133, -2.9370276e-06, -0.5665132, -0.8240527, -1.5535306e-08, 0.17699446, -1.080241e-08)
bones/14/enabled = true
bones/14/position = Vector3(-1.5535306e-08, 0.17699446, -1.080241e-08)
bones/14/rotation = Quaternion(5.584915e-06, 0.9261253, -0.3772162, -8.96217e-07)
bones/14/scale = Vector3(0.99969155, 1.0001664, 1.0001665)
bones/15/name = "DEF-thigh.R"
bones/15/parent = -1
bones/15/rest = Transform3D(0.9892375, -0.10511116, 0.10179204, -0.09554956, -0.99091417, -0.09465438, 0.110816106, 0.08390919, -0.9902954, -0.11652209, 1.062959, 0.0019185059)
bones/15/enabled = true
bones/15/position = Vector3(-0.13022158, 1.012165, -0.09582907)
bones/15/rotation = Quaternion(0.96990937, -0.038062952, 0.23860404, -0.029920464)
bones/15/scale = Vector3(1.0030613, 0.9939056, 1.0030613)
bones/16/name = "DEF-thigh.R.001"
bones/16/parent = 15
bones/16/rest = Transform3D(0.9999997, 2.7023772e-08, 0.00078818586, -2.6992941e-08, 1, -3.9126192e-08, -0.00078818575, 3.91049e-08, 0.9999998, -8.1490725e-09, 0.23958851, 7.450581e-09)
bones/16/enabled = true
bones/16/position = Vector3(-8.1490725e-09, 0.23958851, 7.450581e-09)
bones/16/rotation = Quaternion(-9.762178e-09, 0.0012295293, 3.2906482e-09, 0.99999934)
bones/16/scale = Vector3(1, 1, 1.0000001)
bones/17/name = "DEF-shin.R"
bones/17/parent = 16
bones/17/rest = Transform3D(0.9999997, 0.00019105322, 0.0007693651, -2.525485e-07, 0.97060037, -0.24069679, -0.00079273205, 0.24069674, 0.97059995, -2.0489097e-08, 0.23958853, -1.8626451e-09)
bones/17/enabled = true
bones/17/position = Vector3(-2.0489097e-08, 0.23958853, -1.8626451e-09)
bones/17/rotation = Quaternion(0.22562425, 0.0012280405, -0.00028326298, 0.97421366)
bones/17/scale = Vector3(1.0003246, 0.9975946, 1.002112)
bones/18/name = "DEF-shin.R.001"
bones/18/parent = 17
bones/18/rest = Transform3D(0.99999934, 1.8404842e-09, -0.0011197632, -1.8848056e-09, 1, -3.958017e-08, 0.0011197632, 3.9582257e-08, 0.9999992, 9.895302e-10, 0.21828224, -2.7939677e-09)
bones/18/enabled = true
bones/18/position = Vector3(9.895302e-10, 0.21828224, -2.7939677e-09)
bones/18/rotation = Quaternion(-1.273623e-07, 0.005177315, 9.825274e-10, 0.99998665)
bones/18/scale = Vector3(0.99999994, 1, 0.9999998)
bones/19/name = "DEF-foot.R"
bones/19/parent = 18
bones/19/rest = Transform3D(0.9892292, 0.14637162, 0.0009944518, -0.07709262, 0.51521885, 0.85358423, 0.12442817, -0.8444672, 0.52095366, 1.816079e-08, 0.21828221, 0)
bones/19/enabled = true
bones/19/position = Vector3(1.816079e-08, 0.21828221, 0)
bones/19/rotation = Quaternion(-0.63109833, -0.027983489, -0.052833386, 0.7733955)
bones/19/scale = Vector3(0.996876, 0.9965655, 1.0065992)
bones/20/name = "DEF-toe.R"
bones/20/parent = 19
bones/20/rest = Transform3D(-1, 7.824551e-05, -5.758701e-05, 9.710181e-05, 0.82412684, -0.5664053, 3.1403288e-06, -0.5664053, -0.82412684, -1.3064891e-09, 0.17697628, -9.999098e-09)
bones/20/enabled = true
bones/20/position = Vector3(-1.3064891e-09, 0.17697628, -9.999098e-09)
bones/20/rotation = Quaternion(-3.10512e-05, 0.95527166, -0.29572958, 8.132319e-06)
bones/20/scale = Vector3(0.99976987, 1.0002398, 1.0000144)
bones/21/name = "DEF-shoulder.L"
bones/21/parent = -1
bones/21/rest = Transform3D(0.284086, 0.94657654, -0.15260383, -0.13085929, 0.19595067, 0.971843, 0.94982684, -0.25611737, 0.17953515, 0.02670778, 1.5924498, 0.014332978)
bones/21/enabled = true
bones/21/position = Vector3(0.024293201, 1.535869, -0.08388101)
bones/21/rotation = Quaternion(-0.5725167, -0.40001708, -0.40579715, 0.589525)
bones/21/scale = Vector3(1, 0.99999994, 0.9999998)
bones/22/name = "DEF-upper_arm.L"
bones/22/parent = -1
bones/22/rest = Transform3D(-0.74302137, 0.63611364, 0.20803446, -0.627183, -0.77029246, 0.11528484, 0.23358168, -0.044816576, 0.97130364, 0.23467427, 1.6097392, -0.041129153)
bones/22/enabled = true
bones/22/position = Vector3(0.22674713, 1.5141407, -0.15575154)
bones/22/rotation = Quaternion(0.18961428, 0.013522815, 0.9814713, -0.024037361)
bones/22/scale = Vector3(1.0023528, 0.9953116, 1.0023527)
bones/23/name = "DEF-upper_arm.L.001"
bones/23/parent = 22
bones/23/rest = Transform3D(0.9999982, 8.280553e-07, -0.0018950778, -8.2783646e-07, 1, 1.16268524e-07, 0.0018950778, -1.146995e-07, 0.9999982, 4.284084e-08, 0.11313212, -3.7252903e-09)
bones/23/enabled = true
bones/23/position = Vector3(4.284084e-08, 0.11313212, -3.7252903e-09)
bones/23/rotation = Quaternion(1.918871e-08, 0.019560505, 1.9641845e-08, 0.9998087)
bones/23/scale = Vector3(1, 1, 1)
bones/24/name = "DEF-forearm.L"
bones/24/parent = 23
bones/24/rest = Transform3D(0.9999982, -0.00032690947, -0.0018730452, 1.0082586e-06, 0.9851994, -0.17141218, 0.0019013593, 0.17141189, 0.9851976, 2.8871e-08, 0.113132276, -3.7252903e-09)
bones/24/enabled = true
bones/24/position = Vector3(2.8871e-08, 0.113132276, -3.7252903e-09)
bones/24/rotation = Quaternion(0.09279396, 0.019557107, -0.0018105521, 0.9954916)
bones/24/scale = Vector3(0.9999618, 0.99983686, 1.0002043)
bones/25/name = "DEF-forearm.L.001"
bones/25/parent = 24
bones/25/rest = Transform3D(0.9999978, 4.4680812e-07, 0.0020638893, -4.4726164e-07, 1.0000001, 2.1933083e-07, -0.0020638893, -2.2025348e-07, 0.99999785, 1.8626451e-08, 0.12621467, -7.450581e-09)
bones/25/enabled = true
bones/25/position = Vector3(1.8626451e-08, 0.12621467, -7.450581e-09)
bones/25/rotation = Quaternion(-1.1902649e-07, 0.0015195042, -1.4532966e-07, 0.99999887)
bones/25/scale = Vector3(0.9999999, 1.0000001, 0.99999994)
bones/26/name = "DEF-hand.L"
bones/26/parent = 25
bones/26/rest = Transform3D(0.99755055, 0.06992805, 0.0017391548, -0.06993306, 0.997547, 0.003002603, -0.0015249229, -0.0031168726, 0.9999939, 2.2351742e-08, 0.12621488, 2.0489097e-08)
bones/26/enabled = true
bones/26/position = Vector3(2.2351742e-08, 0.12621488, 2.0489097e-08)
bones/26/rotation = Quaternion(-0.00481458, 0.0013030833, -0.035089426, 0.9993717)
bones/26/scale = Vector3(0.9977254, 1.0045972, 0.9976921)
bones/27/name = "DEF-shoulder.R"
bones/27/parent = -1
bones/27/rest = Transform3D(0.28408587, -0.9465768, 0.15260386, 0.1308592, 0.19595066, 0.97184324, -0.9498269, -0.25611734, 0.17953506, -0.026707793, 1.5924498, 0.014332973)
bones/27/enabled = true
bones/27/position = Vector3(-0.029112283, 1.536893, -0.08400639)
bones/27/rotation = Quaternion(-0.5501463, 0.43534255, 0.4034209, 0.58742446)
bones/27/scale = Vector3(1, 1.0000001, 1)
bones/28/name = "DEF-upper_arm.R"
bones/28/parent = -1
bones/28/rest = Transform3D(-0.74262315, -0.6297268, -0.22793663, 0.62766796, -0.7731416, 0.09102225, -0.23354647, -0.07547327, 0.9694121, -0.2346744, 1.6097391, -0.041129157)
bones/28/enabled = true
bones/28/position = Vector3(-0.23637916, 1.5269185, -0.14372298)
bones/28/rotation = Quaternion(-0.21140486, -0.13354656, 0.9632684, 0.09791511)
bones/28/scale = Vector3(0.9990653, 1.0018721, 0.99906534)
bones/29/name = "DEF-upper_arm.R.001"
bones/29/parent = 28
bones/29/rest = Transform3D(0.9999993, 5.223777e-07, -0.0011494737, -5.2256615e-07, 0.99999994, -1.636125e-07, 0.0011494737, 1.6421308e-07, 0.9999993, 9.033829e-08, 0.113444224, 2.2351742e-08)
bones/29/enabled = true
bones/29/position = Vector3(9.033829e-08, 0.113444224, 2.2351742e-08)
bones/29/rotation = Quaternion(6.555792e-08, 0.009524252, 1.7361238e-07, 0.9999547)
bones/29/scale = Vector3(0.99999994, 0.99999994, 0.99999994)
bones/30/name = "DEF-forearm.R"
bones/30/parent = 29
bones/30/rest = Transform3D(0.9999993, -0.0002662514, -0.0011273467, 6.401387e-08, 0.9732381, -0.22979803, 0.0011583611, 0.22979784, 0.97323763, 8.381903e-09, 0.11344427, 7.450581e-09)
bones/30/enabled = true
bones/30/position = Vector3(8.381903e-09, 0.11344427, 7.450581e-09)
bones/30/rotation = Quaternion(0.35876185, 0.009529656, -0.0036660351, 0.93337333)
bones/30/scale = Vector3(0.99939674, 1.0024698, 0.99814135)
bones/31/name = "DEF-forearm.R.001"
bones/31/parent = 30
bones/31/rest = Transform3D(0.9999989, 2.2905984e-07, 0.0014825504, -2.2915096e-07, 1, 6.129747e-08, -0.0014825504, -6.1637124e-08, 0.9999989, -5.6810677e-08, 0.12654339, 7.450581e-09)
bones/31/enabled = true
bones/31/position = Vector3(-5.6810677e-08, 0.12654339, 7.450581e-09)
bones/31/rotation = Quaternion(2.1937691e-07, 0.005917788, -1.2609623e-07, 0.9999825)
bones/31/scale = Vector3(1, 1, 1)
bones/32/name = "DEF-hand.R"
bones/32/parent = 31
bones/32/rest = Transform3D(0.99758875, -0.069396645, 0.0008316729, 0.06933708, 0.9971065, 0.031166533, -0.0029921182, -0.031033725, 0.99951386, 8.1025064e-08, 0.12654342, -3.7252903e-09)
bones/32/enabled = true
bones/32/position = Vector3(8.1025064e-08, 0.12654342, -3.7252903e-09)
bones/32/rotation = Quaternion(-0.03869511, 0.0061416696, 0.19923896, 0.9791674)
bones/32/scale = Vector3(1.0008408, 0.9976579, 1.0015111)

[node name="ModifierBoneTarget3D" type="ModifierBoneTarget3D" parent="GeneralSkeleton" unique_id=859358165]
transform = Transform3D(0.9379847, 0.05573993, -0.34216622, -0.045699373, 0.99825704, 0.037342854, 0.3436513, -0.01939024, 0.93889725, -0.01984194, 0.9565754, -0.06542842)
bone_name = "DEF-spine"
bone = 0

[node name="Root" type="BoneAttachment3D" parent="GeneralSkeleton" unique_id=373883100]
transform = Transform3D(0.94800174, 0.05573993, -0.31334606, -0.04681906, 0.99825704, 0.035929058, 0.31480253, -0.019390242, 0.94895923, -0.01984194, 0.9565754, -0.06542842)
bone_name = "DEF-spine"
bone_idx = 0

[node name="GunPoint" type="BoneAttachment3D" parent="GeneralSkeleton" unique_id=1035939310]
transform = Transform3D(-0.8740165, -0.25616753, 0.41351923, 0.41746828, 0.041104376, 0.90799755, -0.24862568, 0.96550995, 0.070911966, 0.11466254, 1.5876796, 0.35175478)
bone_name = "DEF-hand.L"
bone_idx = 26

[node name="Spine_BoneAttachment" type="BoneAttachment3D" parent="GeneralSkeleton" unique_id=594756433]
transform = Transform3D(0.9930625, 0.00952984, 0.11720021, -0.0073921653, 0.9997984, -0.01866072, -0.11735459, 0.017664917, 0.99293286, -0.010081719, 1.4179329, -0.05220352)
bone_name = "DEF-spine.003"
bone_idx = 3

[node name="L_Shoulder_LOC" type="Marker3D" parent="GeneralSkeleton/Spine_BoneAttachment" unique_id=1395484955]
transform = Transform3D(0.30129972, 0.94295716, -0.1416007, -0.34534734, 0.24633393, 0.9055689, 0.8887934, -0.22394627, 0.39986804, 0.02700001, 0.11773801, 0.014000028)

[node name="L_UpperArm_LOC" type="Marker3D" parent="GeneralSkeleton/Spine_BoneAttachment" unique_id=1473670827]
transform = Transform3D(-0.0374722, 0.99914867, 0.017260704, -0.9884133, -0.034516122, -0.14780939, -0.14708775, -0.022599457, 0.9888652, 0.22, 0.161, -0.041)

[node name="R_Shoulder_LOC" type="Marker3D" parent="GeneralSkeleton/Spine_BoneAttachment" unique_id=2015416607]
transform = Transform3D(0.3031408, -0.94164366, 0.14633128, 0.35688475, 0.2545634, 0.8987939, -0.88359433, -0.22023772, 0.41322678, -0.027, 0.118, 0.014)

[node name="R_UpperArm_LOC" type="Marker3D" parent="GeneralSkeleton/Spine_BoneAttachment" unique_id=1055268912]
transform = Transform3D(-0.0374722, -0.99914867, -0.017260704, 0.9884133, -0.034516122, -0.14780939, 0.14708775, -0.022599457, 0.9888652, -0.21972351, 0.1609999, -0.04100001)

[node name="L_Shoulder_CopyTransform" type="CopyTransformModifier3D" parent="GeneralSkeleton" unique_id=846954889]
transform = Transform3D(1, 5.1736393e-14, -2.3841858e-07, 4.0146308e-08, 0.985721, 0.16838597, 2.3501424e-07, -0.16838603, 0.98572105, 0, 1.625, 0)
setting_count = 1
settings/0/amount = 1.0
settings/0/apply_bone_name = "DEF-shoulder.L"
settings/0/apply_bone = 21
settings/0/reference_type = 1
settings/0/reference_node = NodePath("../Spine_BoneAttachment/L_Shoulder_LOC")
settings/0/copy = 3
settings/0/axes = 7
settings/0/invert = 0
settings/0/additive = false

[node name="L_UpperArm_CopyTransform" type="CopyTransformModifier3D" parent="GeneralSkeleton" unique_id=1875106278]
transform = Transform3D(1, 5.1736393e-14, -2.3841858e-07, 4.0146308e-08, 0.985721, 0.16838597, 2.3501424e-07, -0.16838603, 0.98572105, 0, 1.625, 0)
setting_count = 1
settings/0/amount = 1.0
settings/0/apply_bone_name = "DEF-upper_arm.L"
settings/0/apply_bone = 22
settings/0/reference_type = 1
settings/0/reference_node = NodePath("../Spine_BoneAttachment/L_UpperArm_LOC")
settings/0/copy = 1
settings/0/axes = 7
settings/0/invert = 0
settings/0/additive = false

[node name="R_Shoulder_CopyTransform" type="CopyTransformModifier3D" parent="GeneralSkeleton" unique_id=1596488046]
transform = Transform3D(1, 5.1736393e-14, -2.3841858e-07, 4.0146308e-08, 0.985721, 0.16838597, 2.3501424e-07, -0.16838603, 0.98572105, 0, 1.625, 0)
setting_count = 1
settings/0/amount = 1.0
settings/0/apply_bone_name = "DEF-shoulder.R"
settings/0/apply_bone = 27
settings/0/reference_type = 1
settings/0/reference_node = NodePath("../Spine_BoneAttachment/R_Shoulder_LOC")
settings/0/copy = 3
settings/0/axes = 7
settings/0/invert = 0
settings/0/additive = false

[node name="R_UpperArm_CopyTransform" type="CopyTransformModifier3D" parent="GeneralSkeleton" unique_id=710107145]
transform = Transform3D(1, 5.1736393e-14, -2.3841858e-07, 4.0146308e-08, 0.985721, 0.16838597, 2.3501424e-07, -0.16838603, 0.98572105, 0, 1.625, 0)
setting_count = 1
settings/0/amount = 1.0
settings/0/apply_bone_name = "DEF-upper_arm.R"
settings/0/apply_bone = 28
settings/0/reference_type = 1
settings/0/reference_node = NodePath("../Spine_BoneAttachment/R_UpperArm_LOC")
settings/0/copy = 1
settings/0/axes = 7
settings/0/invert = 0
settings/0/additive = false

[node name="SpineCCDIK3D" type="CCDIK3D" parent="GeneralSkeleton" unique_id=300704857]
setting_count = 1
settings/0/target_node = NodePath("../../CtrlRig/Spine_Target")
settings/0/root_bone_name = "DEF-spine.001"
settings/0/root_bone = 1
settings/0/end_bone_name = "DEF-spine.005"
settings/0/end_bone = 5
settings/0/extend_end_bone = false
settings/0/joint_count = 5
settings/0/joints/0/rotation_axis = 3
settings/0/joints/0/limitation = SubResource("JointLimitationCone3D_hqa57")
settings/0/joints/0/limitation/right_axis = 0
settings/0/joints/0/limitation/rotation_offset = Quaternion(0, 0, 0, 1)
settings/0/joints/1/rotation_axis = 3
settings/0/joints/1/limitation = SubResource("JointLimitationCone3D_ukgj8")
settings/0/joints/1/limitation/right_axis = 0
settings/0/joints/1/limitation/rotation_offset = Quaternion(0, 0, 0, 1)
settings/0/joints/2/rotation_axis = 3
settings/0/joints/2/limitation = SubResource("JointLimitationCone3D_51l4k")
settings/0/joints/2/limitation/right_axis = 0
settings/0/joints/2/limitation/rotation_offset = Quaternion(0, 0, 0, 1)
settings/0/joints/3/rotation_axis = 3
settings/0/joints/3/limitation = SubResource("JointLimitationCone3D_0ddm0")
settings/0/joints/3/limitation/right_axis = 0
settings/0/joints/3/limitation/rotation_offset = Quaternion(0, 0, 0, 1)
settings/0/joints/4/rotation_axis = 3
settings/0/joints/4/limitation = SubResource("JointLimitationCone3D_8a05l")
settings/0/joints/4/limitation/right_axis = 0
settings/0/joints/4/limitation/rotation_offset = Quaternion(0, 0, 0, 1)

[node name="L_Arm_IK" type="TwoBoneIK3D" parent="GeneralSkeleton" unique_id=1065990942]
setting_count = 1
settings/0/target_node = NodePath("../../CtrlRig/L_Arm_Hand_Target")
settings/0/pole_node = NodePath("../../CtrlRig/L_Arm_Pole_Target")
settings/0/root_bone_name = "DEF-upper_arm.L"
settings/0/root_bone = 22
settings/0/middle_bone_name = "DEF-forearm.L"
settings/0/middle_bone = 24
settings/0/pole_direction = 0
settings/0/end_bone_name = "DEF-hand.L"
settings/0/end_bone = 26
settings/0/use_virtual_end = false
settings/0/extend_end_bone = false

[node name="R_Arm_IK" type="TwoBoneIK3D" parent="GeneralSkeleton" unique_id=1227508249]
setting_count = 1
settings/0/target_node = NodePath("../../CtrlRig/R_Arm_Hand_Target")
settings/0/pole_node = NodePath("../../CtrlRig/R_Arm_Pole_Target")
settings/0/root_bone_name = "DEF-upper_arm.R"
settings/0/root_bone = 28
settings/0/middle_bone_name = "DEF-forearm.R"
settings/0/middle_bone = 30
settings/0/pole_direction = 0
settings/0/end_bone_name = "DEF-hand.R"
settings/0/end_bone = 32
settings/0/use_virtual_end = false
settings/0/extend_end_bone = false

[node name="HeadCopyRotation" type="CopyTransformModifier3D" parent="GeneralSkeleton" unique_id=474402444]
setting_count = 1
settings/0/amount = 1.0
settings/0/apply_bone_name = "DEF-spine.005"
settings/0/apply_bone = 5
settings/0/reference_type = 1
settings/0/reference_node = NodePath("../../CtrlRig/Spine_Target")
settings/0/copy = 2
settings/0/axes = 7
settings/0/invert = 0
settings/0/additive = false

[node name="SpineTwistDisperser" type="BoneTwistDisperser3D" parent="GeneralSkeleton" unique_id=1692357539]
setting_count = 1
settings/0/root_bone_name = "DEF-spine"
settings/0/root_bone = 0
settings/0/end_bone_name = "DEF-spine.005"
settings/0/end_bone = 5
settings/0/extend_end_bone = true
settings/0/end_bone_direction = 6
settings/0/twist_from_rest = true
settings/0/disperse_mode = 0
settings/0/joint_count = 6

[node name="HeadLookAt" type="LookAtModifier3D" parent="GeneralSkeleton" unique_id=1595698384]
target_node = NodePath("../../CtrlRig/L_Arm_Hand_Target")
bone_name = "DEF-spine.006"
bone = 6

[node name="SkeletonAnimator" type="AnimationPlayer" parent="." unique_id=749738407]
libraries/ = ExtResource("29_0stpf")
playback_default_blend_time = 0.5
script = ExtResource("29_upehi")

[node name="CtrlRig" type="Node3D" parent="." unique_id=870870486]
transform = Transform3D(-1, 0, -1.509958e-07, 0, 1.0000001, 0, 1.509958e-07, 0, -1, 0, 1.2157135, 0)

[node name="Spine_Target" type="Marker3D" parent="CtrlRig" unique_id=1598017455]
transform = Transform3D(0.9999999, 0, 0, 0, 0.9999999, 0, 0, 0, 0.9999999, -0.00406006, 1.1764128, -0.005569405)
gizmo_extents = 0.17

[node name="L_Arm_Pole_Target" type="Marker3D" parent="CtrlRig" unique_id=2111200722]
transform = Transform3D(0.9999996, 0, 0, 0, 0.9999999, 0, 0, 0, 0.9999996, 0.59113467, 0.3379737, 0.30068994)

[node name="L_Arm_Hand_Target" type="Marker3D" parent="CtrlRig" unique_id=882782747]
transform = Transform3D(0.9999992, 0, 0, 0, 0.9999998, 0, 0, 0, 0.9999992, -0.0015377253, 0.3843503, 0.9524722)

[node name="R_Arm_Pole_Target" type="Marker3D" parent="CtrlRig" unique_id=1073125451]
transform = Transform3D(0.9999995, 0, 0, 0, 0.9999999, 0, 0, 0, 0.9999995, -0.4620598, 0.20497012, 0.39621863)

[node name="R_Arm_Hand_Target" type="Marker3D" parent="CtrlRig" unique_id=1444971572]
transform = Transform3D(-0.8616941, 0.018487526, 0.5070901, 0.19900559, -0.9069627, 0.3712346, 0.4667749, 0.42080498, 0.77784556, -0.0029156655, 0.37143457, 0.2689441)

[node name="Timer" type="Timer" parent="." unique_id=1396997330]
